  9.99999999999999999999999999999999966E-0005  5.31923040155298521890896673387930471E-0012
  1.99999999999999999999999999999999993E-0004  3.00901110365752559963026726980891492E-0011
  3.00000000000000000000000000000000002E-0004  8.29185953400724000546632975118711513E-0011
  3.99999999999999999999999999999999987E-0004  1.70215371025959402998461963680903376E-0010
  5.00000000000000000000000000000000065E-0004  2.97354014048902019814580642192121044E-0010
  6.00000000000000000000000000000000003E-0004  4.69058399365301237213544829239341828E-0010
  7.00000000000000000000000000000000035E-0004  6.89594655986162704788868752881804598E-0010
  7.99999999999999999999999999999999973E-0004  9.62883511903970860595477951311968488E-0010
  9.00000000000000000000000000000000005E-0004  1.29257291371606351021219434182005090E-0009
  1.00000000000000000000000000000000013E-0003  1.68208822786427565440530303015505780E-0009
  1.09999999999999999999999999999999997E-0003  2.13466867829212088379206352924743405E-0009
  1.20000000000000000000000000000000001E-0003  2.65339479501923183804236887301592830E-0009
  1.30000000000000000000000000000000004E-0003  3.24120970609305355591016474562593866E-0009
  1.40000000000000000000000000000000007E-0003  3.90093605054424575751377457665621385E-0009
  1.49999999999999999999999999999999991E-0003  4.63528967932093190778399075789500464E-0009
  1.59999999999999999999999999999999995E-0003  5.44689093907786828918085970816781764E-0009
  1.70000000000000000000000000000000017E-0003  6.33827409718759219998199371021270464E-0009
  1.80000000000000000000000000000000001E-0003  7.31189531059719598922908454048777300E-0009
  1.90000000000000000000000000000000004E-0003  8.37013943545621778059021237968127974E-0009
  2.00000000000000000000000000000000026E-0003  9.51532590081642816627033993023440573E-0009
  2.09999999999999999999999999999999992E-0003  1.07497138172437298467854177100906541E-0008
  2.19999999999999999999999999999999995E-0003  1.20755064530481943741530332519065426E-0008
  2.29999999999999999999999999999999998E-0003  1.34948551826225816432838829515270686E-0008
  2.40000000000000000000000000000000001E-0003  1.50098629901696599129820006938245865E-0008
  2.50000000000000000000000000000000005E-0003  1.66225875959263031614337179546944944E-0008
  2.60000000000000000000000000000000008E-0003  1.83350442595014770955549907969657150E-0008
  2.70000000000000000000000000000000011E-0003  2.01492083051843361093517941683043844E-0008
  2.80000000000000000000000000000000014E-0003  2.20670174063692611873161165274763523E-0008
  2.89999999999999999999999999999999980E-0003  2.40903736600957662815897074659309785E-0008
  2.99999999999999999999999999999999983E-0003  2.62211454777526112443346888555683240E-0008
  3.09999999999999999999999999999999986E-0003  2.84611693139796706036605794067442731E-0008
  3.19999999999999999999999999999999989E-0003  3.08122512525171402235616586799849354E-0008
  3.30000000000000000000000000000000030E-0003  3.32761684650469149474294527202495455E-0008
  3.40000000000000000000000000000000033E-0003  3.58546705568284224136309166531230036E-0008
  3.50000000000000000000000000000000036E-0003  3.85494808110602963842466283725661442E-0008
  3.60000000000000000000000000000000002E-0003  4.13622973423293392694578448640542627E-0008
  3.70000000000000000000000000000000005E-0003  4.42947941681836519268154360097776193E-0008
  3.80000000000000000000000000000000008E-0003  4.73486222067435222758113974231646186E-0008
  3.90000000000000000000000000000000012E-0003  5.05254102073064781450750459418504683E-0008
  4.00000000000000000000000000000000052E-0003  5.38267656200835514274468406842949019E-0008
  4.10000000000000000000000000000000018E-0003  5.72542754104994095216394471942482934E-0008
  4.19999999999999999999999999999999984E-0003  6.08095068228809926192349295220521942E-0008
  4.30000000000000000000000000000000024E-0003  6.44940080978324441866844971502046689E-0008
  4.39999999999999999999999999999999990E-0003  6.83093091471359332194493929510716525E-0008
  4.50000000000000000000000000000000031E-0003  7.22569221896181081853178794809910809E-0008
  4.59999999999999999999999999999999996E-0003  7.63383423510718153800679955894731086E-0008
  4.70000000000000000000000000000000037E-0003  8.05550482310152038076895422644338942E-0008
  4.80000000000000000000000000000000003E-0003  8.49085024387994315084816574601873284E-0008
  4.89999999999999999999999999999999968E-0003  8.94001521013368437791683633417203627E-0008
  5.00000000000000000000000000000000009E-0003  9.40314293445094556869448700547169082E-0008
  5.09999999999999999999999999999999975E-0003  9.88037517501292322854748187090257288E-0008
  5.20000000000000000000000000000000015E-0003  1.03718522790153951595952390798901526E-0007
  5.30000000000000000000000000000000056E-0003  1.08777132239712738815492403160244036E-0007
  5.40000000000000000000000000000000022E-0003  1.13980956570361432740819539525498839E-0007
  5.50000000000000000000000000000000063E-0003  1.19331359324867860591204904328472724E-0007
  5.60000000000000000000000000000000028E-0003  1.24829691474719195395577021059510175E-0007
  5.70000000000000000000000000000000069E-0003  1.30477291761446416511462782430812342E-0007
  5.79999999999999999999999999999999959E-0003  1.36275487022773245713360573956496870E-0007
  5.90000000000000000000000000000000000E-0003  1.42225592504517708635973778502527057E-0007
  5.99999999999999999999999999999999966E-0003  1.48328912159102733357356683245385264E-0007
  6.10000000000000000000000000000000007E-0003  1.54586738931467122914450892549447844E-0007
  6.19999999999999999999999999999999972E-0003  1.61000355033109107268519631458192080E-0007
  6.30000000000000000000000000000000013E-0003  1.67571032204940861529372396975523984E-0007
  6.39999999999999999999999999999999978E-0003  1.74300031969583316047766134604067043E-0007
  6.50000000000000000000000000000000019E-0003  1.81188605873685791098179969155884197E-0007
  6.60000000000000000000000000000000060E-0003  1.88237995720814032244086474534380958E-0007
  6.70000000000000000000000000000000026E-0003  1.95449433795412719741575975445221409E-0007
  6.80000000000000000000000000000000066E-0003  2.02824143078314137444039012230506619E-0007
  6.90000000000000000000000000000000032E-0003  2.10363337454233112404273387430380639E-0007
  7.00000000000000000000000000000000073E-0003  2.18068221911659307633710808587435032E-0007
  7.09999999999999999999999999999999963E-0003  2.25939992735531228226398009399779083E-0007
  7.20000000000000000000000000000000004E-0003  2.33979837693051671776785879989634521E-0007
  7.29999999999999999999999999999999970E-0003  2.42188936212981626691112835335668417E-0007
  7.40000000000000000000000000000000010E-0003  2.50568459558728625427094613858669937E-0007
  7.49999999999999999999999999999999976E-0003  2.59119570995526140246987382027596957E-0007
  7.60000000000000000000000000000000017E-0003  2.67843425951982628613296091684397106E-0007
  7.69999999999999999999999999999999982E-0003  2.76741172176262169545790307738868488E-0007
  7.80000000000000000000000000000000023E-0003  2.85813949887143168980595490965010103E-0007
  7.89999999999999999999999999999999989E-0003  2.95062891920187250204270969785031007E-0007
  8.00000000000000000000000000000000105E-0003  3.04489123869237093261013973851834424E-0007
  8.10000000000000000000000000000000070E-0003  3.14093764223449561997189809612799494E-0007
  8.20000000000000000000000000000000036E-0003  3.23877924500058884008207286552117784E-0007
  8.30000000000000000000000000000000001E-0003  3.33842709373053859018074933146920765E-0007
  8.39999999999999999999999999999999967E-0003  3.43989216797943003199747863209856831E-0007
  8.49999999999999999999999999999999933E-0003  3.54318538132772134266290446523700586E-0007
  8.60000000000000000000000000000000049E-0003  3.64831758255550113480098457916731002E-0007
  8.70000000000000000000000000000000014E-0003  3.75529955678230239210392453057915851E-0007
  8.79999999999999999999999999999999980E-0003  3.86414202657387089561892947221839908E-0007
  8.89999999999999999999999999999999945E-0003  3.97485565301721399820475726024145130E-0007
  9.00000000000000000000000000000000061E-0003  4.08745103676518798257578952845990647E-0007
  9.10000000000000000000000000000000027E-0003  4.20193871905181878452737579654589979E-0007
  9.19999999999999999999999999999999993E-0003  4.31832918267949127704100866428022865E-0007
  9.30000000000000000000000000000000109E-0003  4.43663285297908631740238942145981859E-0007
  9.40000000000000000000000000000000074E-0003  4.55686009874409210504318310423078804E-0007
  9.50000000000000000000000000000000040E-0003  4.67902123313966684972279920974864969E-0007
  9.60000000000000000000000000000000005E-0003  4.80312651458758309361479575683639530E-0007
  9.69999999999999999999999999999999971E-0003  4.92918614762794006944705833867860581E-0007
  9.79999999999999999999999999999999936E-0003  5.05721028375848902804520300893369390E-0007
  9.90000000000000000000000000000000052E-0003  5.18720902225237736446686319604736527E-0007
  1.00000000000000000000000000000000002E-0002  5.31919241095508045723630210968676926E-0007
